neutral 1 4.567094 2 -3.969252 3 0.5978420000000001
neutral 1 1.648273 2 -3.4882739999999997 3 -1.8400010000000004
negative 1 4.804597 2 -4.36879 3 0.4358069999999997
neutral 1 5.953455 2 -7.537973999999999 3 -1.5845189999999993
neutral 1 6.116659 2 -6.472416 3 -0.3557569999999992
positive 1 3.5244999999999997 2 -2.53047 3 0.9940300000000001
positive 1 6.323357 2 -3.2070830000000004 3 3.116273999999999
neutral 1 4.476983 2 -3.277749 3 1.1992340000000001
positive 1 4.2870360000000005 2 -3.453088 3 0.8339480000000001
positive 1 1.612373 2 -5.305872000000001 3 -3.6934989999999996
negative 1 4.0034209999999995 2 -8.377626000000001 3 -4.374205
neutral 1 5.029528000000001 2 -8.789368 3 -3.759839999999999
neutral 1 2.503683 2 -1.333609 3 1.1700739999999998
neutral 1 1.656447 2 -3.582178 3 -1.9257309999999999
positive 1 5.543642 2 -3.208227 3 2.3354150000000002
neutral 1 2.878326 2 -1.660769 3 1.2175569999999998
neutral 1 5.146041 2 -5.123713 3 0.022328000000000126
positive 1 7.82245 2 -4.584277 3 3.2381730000000006
positive 1 5.329479 2 -0.88987 3 4.439609
negative 1 5.051723 2 -2.344846 3 2.706877
positive 1 5.1775780000000005 2 -4.660386 3 0.5171920000000004
negative 1 4.152709 2 -5.342114 3 -1.1894050000000003
neutral 1 5.002949 2 -10.424924 3 -5.421975
positive 1 1.9283670000000002 2 -1.9750290000000001 3 -0.04666199999999998
neutral 1 1.817866 2 -8.436895 3 -6.619029
negative 1 2.367655 2 -4.96442 3 -2.596765
positive 1 6.572923000000001 2 -2.3922939999999997 3 4.180629
positive 1 5.8201 2 -4.864687 3 0.955413
positive 1 7.6161270000000005 2 -3.205116 3 4.411011
neutral 1 0.681399 2 -2.387663 3 -1.706264
neutral 1 5.252492999999999 2 -6.466703999999999 3 -1.2142110000000004
negative 1 4.912878 2 -2.634337 3 2.2785409999999997
positive 1 3.972323 2 -6.498475999999999 3 -2.5261530000000003
positive 1 3.481052 2 -1.432183 3 2.048869
positive 1 5.737657 2 -4.267839 3 1.469818
neutral 1 3.347213 2 -3.9672890000000005 3 -0.6200760000000001
neutral 1 8.423456000000002 2 -3.8314989999999995 3 4.591957
neutral 1 5.811068 2 -5.4449819999999995 3 0.3660859999999998
positive 1 6.372253999999999 2 -5.297574 3 1.0746799999999999
positive 1 4.460699 2 -6.281104999999999 3 -1.8204060000000004
neutral 1 4.197763 2 -2.821422 3 1.376341
positive 1 5.431055 2 -3.048204 3 2.3828509999999996
neutral 1 6.613659999999999 2 -6.439846 3 0.17381400000000002
neutral 1 2.272941 2 -5.2112240000000005 3 -2.938283
negative 1 5.358497 2 -3.1071869999999997 3 2.251310000000001
